name = NorthernChile 2014-3-23 12:47:5.000
time = 2014-03-23 12:47:05.000
latitude = -19.6389
longitude = -70.8842
magnitude = 0
moment = 1.12202e+09
depth = 5855
mnn = 3.90864e+13
mee = -3.5987e+15
mdd = 3.55961e+15
mne = -4.07074e+14
mnd = 9.49561e+14
med = 2.47651e+15
strike1 = 165.055
dip1 = 63.269
rake1 = 82.0368
strike2 = 2.3301
dip2 = 27.808
rake2 = 105.38
